# Game Level Exporter v1.0
MESH
BigBarn
<Matrix 4x4 (2.0000, 0.0000,  0.0000, 0.0000)
            (0.0000, 2.0000, -0.0000, 0.0000)
            (0.0000, 0.0000,  2.0000, 0.0000)
            (0.0000, 1.0000, 20.0000, 1.0000)>
MESH
Fence
<Matrix 4x4 ( 1.0000, 0.0000,  0.0000, 0.0000)
            ( 0.0000, 1.0000, -0.0000, 0.0000)
            ( 0.0000, 0.0000,  1.0000, 0.0000)
            (10.0000, 1.0000, 20.0000, 1.0000)>
MESH
Ground
<Matrix 4x4 (30.0000,  0.0000,  0.0000, 0.0000)
            ( 0.0000,  0.0000,  0.0000, 0.0000)
            ( 0.0000, -1.0000,  30.0000, 0.0000)
            ( 0.0000,  0.0000,  0.0000, 1.0000)>
MESH
Fence.001
<Matrix 4x4 ( 1.0000, 0.0000,  0.0000, 0.0000)
            ( 0.0000, 1.0000, -0.0000, 0.0000)
            ( 0.0000, 0.0000,  1.0000, 0.0000)
            (16.0000, 1.0000, 20.0000, 1.0000)>
MESH
Fence.002
<Matrix 4x4 (-0.0000, 0.0000,  1.0000, 0.0000)
            ( 0.0000, 1.0000,  0.0000, 0.0000)
            (-1.0000, 0.0000, -0.0000, 0.0000)
            (25.0000, 1.0000, 17.0000, 1.0000)>
MESH
Fence.004
<Matrix 4x4 ( 1.0000, 0.0000,  0.0000, 0.0000)
            ( 0.0000, 1.0000, -0.0000, 0.0000)
            ( 0.0000, 0.0000,  1.0000, 0.0000)
            (22.0000, 1.0000, 20.0000, 1.0000)>
MESH
Fence.003
<Matrix 4x4 (-0.0000, 0.0000,  1.0000, 0.0000)
            ( 0.0000, 1.0000,  0.0000, 0.0000)
            (-1.0000, 0.0000, -0.0000, 0.0000)
            (25.0000, 1.0000, 11.0000, 1.0000)>
MESH
Fence.005
<Matrix 4x4 (-0.0000, 0.0000,  1.0000, 0.0000)
            ( 0.0000, 1.0000,  0.0000, 0.0000)
            (-1.0000, 0.0000, -0.0000, 0.0000)
            (25.0000, 1.0000,  5.0000, 1.0000)>
MESH
Fence.006
<Matrix 4x4 (-0.0000, 0.0000,  1.0000, 0.0000)
            ( 0.0000, 1.0000,  0.0000, 0.0000)
            (-1.0000, 0.0000, -0.0000, 0.0000)
            (25.0000, 1.0000, -1.0000, 1.0000)>
MESH
Fence.007
<Matrix 4x4 (-0.0000, 0.0000,  1.0000, 0.0000)
            ( 0.0000, 1.0000,  0.0000, 0.0000)
            (-1.0000, 0.0000, -0.0000, 0.0000)
            (25.0000, 1.0000, -7.0000, 1.0000)>
MESH
Fence.008
<Matrix 4x4 (-0.0000, 0.0000,   1.0000, 0.0000)
            ( 0.0000, 1.0000,   0.0000, 0.0000)
            (-1.0000, 0.0000,  -0.0000, 0.0000)
            (25.0000, 1.0000, -13.0000, 1.0000)>
MESH
Fence.009
<Matrix 4x4 ( 1.0000, 0.0000,   0.0000, 0.0000)
            ( 0.0000, 1.0000,  -0.0000, 0.0000)
            ( 0.0000, 0.0000,   1.0000, 0.0000)
            (22.0000, 1.0000, -22.0000, 1.0000)>
MESH
Fence.010
<Matrix 4x4 (-0.0000, 0.0000,   1.0000, 0.0000)
            ( 0.0000, 1.0000,   0.0000, 0.0000)
            (-1.0000, 0.0000,  -0.0000, 0.0000)
            (25.0000, 1.0000, -19.0000, 1.0000)>
MESH
Fence.011
<Matrix 4x4 ( 1.0000, 0.0000,   0.0000, 0.0000)
            ( 0.0000, 1.0000,  -0.0000, 0.0000)
            ( 0.0000, 0.0000,   1.0000, 0.0000)
            (16.0000, 1.0000, -22.0000, 1.0000)>
MESH
Fence.012
<Matrix 4x4 ( 1.0000, 0.0000,   0.0000, 0.0000)
            ( 0.0000, 1.0000,  -0.0000, 0.0000)
            ( 0.0000, 0.0000,   1.0000, 0.0000)
            (10.0000, 1.0000, -22.0000, 1.0000)>
MESH
Fence.013
<Matrix 4x4 ( -1.0000, 0.0000,  0.0050, 0.0000)
            (  0.0000, 1.0000,  0.0000, 0.0000)
            ( -0.0050, 0.0000, -1.0000, 0.0000)
            (-10.1514, 1.0000, 19.9456, 1.0000)>
MESH
Fence.014
<Matrix 4x4 ( -1.0000, 0.0000,  0.0050, 0.0000)
            (  0.0000, 1.0000,  0.0000, 0.0000)
            ( -0.0050, 0.0000, -1.0000, 0.0000)
            (-16.1513, 1.0000, 19.9755, 1.0000)>
MESH
Fence.015
<Matrix 4x4 ( -0.0050, 0.0000, -1.0000, 0.0000)
            ( -0.0000, 1.0000,  0.0000, 0.0000)
            (  1.0000, 0.0000, -0.0050, 0.0000)
            (-25.1662, 1.0000, 17.0205, 1.0000)>
MESH
Fence.016
<Matrix 4x4 ( -1.0000, 0.0000,  0.0050, 0.0000)
            (  0.0000, 1.0000,  0.0000, 0.0000)
            ( -0.0050, 0.0000, -1.0000, 0.0000)
            (-22.1513, 1.0000, 20.0055, 1.0000)>
MESH
Fence.017
<Matrix 4x4 ( -0.0050, 0.0000, -1.0000, 0.0000)
            ( -0.0000, 1.0000,  0.0000, 0.0000)
            (  1.0000, 0.0000, -0.0050, 0.0000)
            (-25.1962, 1.0000, 11.0206, 1.0000)>
MESH
Fence.018
<Matrix 4x4 ( -0.0050, 0.0000, -1.0000, 0.0000)
            ( -0.0000, 1.0000,  0.0000, 0.0000)
            (  1.0000, 0.0000, -0.0050, 0.0000)
            (-25.2261, 1.0000,  5.0207, 1.0000)>
MESH
Fence.019
<Matrix 4x4 ( -0.0050, 0.0000, -1.0000, 0.0000)
            ( -0.0000, 1.0000,  0.0000, 0.0000)
            (  1.0000, 0.0000, -0.0050, 0.0000)
            (-25.2561, 1.0000, -0.9793, 1.0000)>
MESH
Fence.020
<Matrix 4x4 ( -0.0050, 0.0000, -1.0000, 0.0000)
            ( -0.0000, 1.0000,  0.0000, 0.0000)
            (  1.0000, 0.0000, -0.0050, 0.0000)
            (-25.2860, 1.0000, -6.9792, 1.0000)>
MESH
Fence.021
<Matrix 4x4 ( -0.9962, 0.0000,   0.0872, 0.0000)
            (  0.0000, 1.0000,   0.0000, 0.0000)
            ( -0.0872, 0.0000,  -0.9962, 0.0000)
            (-11.8154, 1.0000, -21.5679, 1.0000)>
MESH
Fence.024
<Matrix 4x4 (-0.9962, 0.0000,   0.0872, 0.0000)
            ( 0.0000, 1.0000,   0.0000, 0.0000)
            (-0.0872, 0.0000,  -0.9962, 0.0000)
            (-5.8155, 1.0000, -22.1094, 1.0000)>
MESH
Fence.025
<Matrix 4x4 ( 0.5944, 0.0000,   0.8042, 0.0000)
            ( 0.0000, 1.0000,  -0.0000, 0.0000)
            (-0.8042, 0.0000,   0.5944, 0.0000)
            (-4.6773, 1.0000, -25.0089, 1.0000)>
MESH
Pig
<Matrix 4x4 ( 0.4056, 0.0000,  0.2924, 0.0000)
            ( 0.0000, 0.5000, -0.0000, 0.0000)
            (-0.2924, 0.0000,  0.4056, 0.0000)
            (-3.8126, 1.0000,  8.9057, 1.0000)>
MESH
Pig.001
<Matrix 4x4 ( 0.4982, 0.0000,  0.0430, 0.0000)
            ( 0.0000, 0.5000, -0.0000, 0.0000)
            (-0.0430, 0.0000,  0.4982, 0.0000)
            ( 2.4613, 1.0000,  8.9057, 1.0000)>
MESH
Pig.002
<Matrix 4x4 (-0.4604, 0.0000,  0.1949, 0.0000)
            ( 0.0000, 0.5000,  0.0000, 0.0000)
            (-0.1949, 0.0000, -0.4604, 0.0000)
            (-1.3042, 1.0000,  2.3897, 1.0000)>
MESH
Silo
<Matrix 4x4 ( 1.5467, 0.0000, -1.2680, 0.0000)
            (-0.0000, 2.0000, -0.0000, 0.0000)
            ( 1.2680, 0.0000,  1.5467, 0.0000)
            (21.4552, 1.0000, 16.5090, 1.0000)>
MESH
ChickenCoop
<Matrix 4x4 (2.0000, 0.0000,  0.0000, 0.0000)
            (0.0000, 2.0000, -0.0000, 0.0000)
            (0.0000, 0.0000,  2.0000, 0.0000)
            (9.9765, 1.0000, 16.2795, 1.0000)>
MESH
ChickenCoop.001
<Matrix 4x4 ( 2.0000, 0.0000,  0.0000, 0.0000)
            ( 0.0000, 2.0000, -0.0000, 0.0000)
            ( 0.0000, 0.0000,  2.0000, 0.0000)
            (15.2127, 1.0000, 16.2795, 1.0000)>
MESH
Silo_House
<Matrix 4x4 (  2.0000, 0.0000,  0.0000, 0.0000)
            (  0.0000, 2.0000, -0.0000, 0.0000)
            (  0.0000, 0.0000,  2.0000, 0.0000)
            (-18.0395, 1.0000, 16.2311, 1.0000)>
MESH
Well
<Matrix 4x4 (  2.0000, 0.0000,  0.0000, 0.0000)
            (  0.0000, 2.0000, -0.0000, 0.0000)
            (  0.0000, 0.0000,  2.0000, 0.0000)
            (-22.1771, 1.0000,  0.0000, 1.0000)>
MESH
Windmill
<Matrix 4x4 ( -1.3622, 0.0000,   1.4643, 0.0000)
            (  0.0000, 2.0000,   0.0000, 0.0000)
            ( -1.4643, 0.0000,  -1.3622, 0.0000)
            (-20.5332, 1.0000, -26.9009, 1.0000)>
MESH
SmallBarn
<Matrix 4x4 ( -0.0000, 0.0000,   2.0000, 0.0000)
            (  0.0000, 2.0000,   0.0000, 0.0000)
            ( -2.0000, 0.0000,  -0.0000, 0.0000)
            (-20.3961, 1.0000, -15.6660, 1.0000)>
MESH
Fence.022
<Matrix 4x4 (-0.4491, 0.0000,   0.8935, 0.0000)
            ( 0.0000, 1.0000,   0.0000, 0.0000)
            (-0.8935, 0.0000,  -0.4491, 0.0000)
            ( 8.3762, 1.0000, -24.9071, 1.0000)>
MESH
Bush1
<Matrix 4x4 ( 2.0000, 0.0000,  0.0000, 0.0000)
            ( 0.0000, 2.0000, -0.0000, 0.0000)
            ( 0.0000, 0.0000,  2.0000, 0.0000)
            (26.2720, 1.0000,  0.0000, 1.0000)>
MESH
Bush1.001
<Matrix 4x4 ( 2.0000, 0.0000,  0.0000, 0.0000)
            ( 0.0000, 2.0000, -0.0000, 0.0000)
            ( 0.0000, 0.0000,  2.0000, 0.0000)
            (27.2913, 1.0000,  1.8854, 1.0000)>
MESH
Bush1.002
<Matrix 4x4 ( 2.0000, 0.0000,  0.0000, 0.0000)
            ( 0.0000, 2.0000, -0.0000, 0.0000)
            ( 0.0000, 0.0000,  2.0000, 0.0000)
            (27.3601, 1.0000, -2.5900, 1.0000)>
MESH
Bush1.003
<Matrix 4x4 ( 2.0000, 0.0000,  0.0000, 0.0000)
            ( 0.0000, 2.0000, -0.0000, 0.0000)
            ( 0.0000, 0.0000,  2.0000, 0.0000)
            (28.7870, 1.0000, -0.3814, 1.0000)>
MESH
Bush1.004
<Matrix 4x4 ( 2.0000, 0.0000,   0.0000, 0.0000)
            ( 0.0000, 2.0000,  -0.0000, 0.0000)
            ( 0.0000, 0.0000,   2.0000, 0.0000)
            (26.8138, 1.0000, -16.0477, 1.0000)>
MESH
Bush1.005
<Matrix 4x4 ( 2.0000, 0.0000,   0.0000, 0.0000)
            ( 0.0000, 2.0000,  -0.0000, 0.0000)
            ( 0.0000, 0.0000,   2.0000, 0.0000)
            (27.5106, 1.0000, -18.8424, 1.0000)>
MESH
Grass1
<Matrix 4x4 (  2.0000, 0.0000,  0.0000, 0.0000)
            (  0.0000, 2.0000, -0.0000, 0.0000)
            (  0.0000, 0.0000,  2.0000, 0.0000)
            (-11.0466, 1.0000,  0.0000, 1.0000)>
MESH
Grass1.001
<Matrix 4x4 ( 0.9520, 0.0000, -1.7589, 0.0000)
            (-0.0000, 2.0000, -0.0000, 0.0000)
            ( 1.7589, 0.0000,  0.9520, 0.0000)
            (-9.3036, 1.0000,  0.0000, 1.0000)>
MESH
Grass1.002
<Matrix 4x4 ( 0.9520, 0.0000, -1.7589, 0.0000)
            (-0.0000, 2.0000, -0.0000, 0.0000)
            ( 1.7589, 0.0000,  0.9520, 0.0000)
            (-7.1810, 1.0000, -2.6781, 1.0000)>
MESH
Grass1.003
<Matrix 4x4 (  0.9520, 0.0000, -1.7589, 0.0000)
            ( -0.0000, 2.0000, -0.0000, 0.0000)
            (  1.7589, 0.0000,  0.9520, 0.0000)
            (-12.6216, 1.0000, -5.9126, 1.0000)>
MESH
Grass1.004
<Matrix 4x4 ( 0.9520, 0.0000, -1.7589, 0.0000)
            (-0.0000, 2.0000, -0.0000, 0.0000)
            ( 1.7589, 0.0000,  0.9520, 0.0000)
            (-4.6623, 1.0000, -5.9126, 1.0000)>
MESH
Grass1.005
<Matrix 4x4 ( 0.9520, 0.0000,  -1.7589, 0.0000)
            (-0.0000, 2.0000,  -0.0000, 0.0000)
            ( 1.7589, 0.0000,   0.9520, 0.0000)
            (-8.1101, 1.0000, -10.0106, 1.0000)>
MESH
Grass1.006
<Matrix 4x4 ( 0.9520, 0.0000, -1.7589, 0.0000)
            (-0.0000, 2.0000, -0.0000, 0.0000)
            ( 1.7589, 0.0000,  0.9520, 0.0000)
            ( 2.1825, 1.0000, -3.1496, 1.0000)>
MESH
Grass1.007
<Matrix 4x4 ( 0.9520, 0.0000, -1.7589, 0.0000)
            (-0.0000, 2.0000, -0.0000, 0.0000)
            ( 1.7589, 0.0000,  0.9520, 0.0000)
            ( 0.2964, 1.0000, -6.4458, 1.0000)>
MESH
Grass1.008
<Matrix 4x4 ( 0.9520, 0.0000, -1.7589, 0.0000)
            (-0.0000, 2.0000, -0.0000, 0.0000)
            ( 1.7589, 0.0000,  0.9520, 0.0000)
            (-3.9366, 1.0000,  3.9524, 1.0000)>
MESH
Grass1.009
<Matrix 4x4 ( 1.9997, 0.0000,  0.0353, 0.0000)
            ( 0.0000, 2.0000, -0.0000, 0.0000)
            (-0.0353, 0.0000,  1.9997, 0.0000)
            ( 6.8450, 1.0000,  5.7679, 1.0000)>
MESH
Grass1.010
<Matrix 4x4 ( 1.9997, 0.0000,   0.0353, 0.0000)
            ( 0.0000, 2.0000,  -0.0000, 0.0000)
            (-0.0353, 0.0000,   1.9997, 0.0000)
            ( 6.8450, 1.0000, -11.2720, 1.0000)>
MESH
Grass1.011
<Matrix 4x4 ( 1.9997, 0.0000,  0.0353, 0.0000)
            ( 0.0000, 2.0000, -0.0000, 0.0000)
            (-0.0353, 0.0000,  1.9997, 0.0000)
            (16.4676, 1.0000,  8.4352, 1.0000)>
MESH
Grass1.012
<Matrix 4x4 ( 1.9997, 0.0000,  0.0353, 0.0000)
            ( 0.0000, 2.0000, -0.0000, 0.0000)
            (-0.0353, 0.0000,  1.9997, 0.0000)
            (16.4676, 1.0000, -6.7613, 1.0000)>
MESH
Grass2
<Matrix 4x4 ( 2.0000, 0.0000,  0.0000, 0.0000)
            ( 0.0000, 2.0000, -0.0000, 0.0000)
            ( 0.0000, 0.0000,  2.0000, 0.0000)
            (-0.6310, 1.0000,  3.7582, 1.0000)>
MESH
Grass2.001
<Matrix 4x4 ( 2.0000, 0.0000,  0.0000, 0.0000)
            ( 0.0000, 2.0000, -0.0000, 0.0000)
            ( 0.0000, 0.0000,  2.0000, 0.0000)
            (-0.0976, 1.0000,  3.3630, 1.0000)>
MESH
Grass2.002
<Matrix 4x4 ( 2.0000, 0.0000,  0.0000, 0.0000)
            ( 0.0000, 2.0000, -0.0000, 0.0000)
            ( 0.0000, 0.0000,  2.0000, 0.0000)
            (-1.6526, 1.0000,  3.7582, 1.0000)>
MESH
Grass2.003
<Matrix 4x4 ( 2.0000, 0.0000,  0.0000, 0.0000)
            ( 0.0000, 2.0000, -0.0000, 0.0000)
            ( 0.0000, 0.0000,  2.0000, 0.0000)
            (-0.0976, 1.0000,  5.2436, 1.0000)>
MESH
Grass2.004
<Matrix 4x4 (2.0000, 0.0000,  0.0000, 0.0000)
            (0.0000, 2.0000, -0.0000, 0.0000)
            (0.0000, 0.0000,  2.0000, 0.0000)
            (1.3467, 1.0000,  6.0896, 1.0000)>
MESH
Grass2.005
<Matrix 4x4 (2.0000, 0.0000,  0.0000, 0.0000)
            (0.0000, 2.0000, -0.0000, 0.0000)
            (0.0000, 0.0000,  2.0000, 0.0000)
            (2.3632, 1.0000,  4.7237, 1.0000)>
MESH
Grass2.006
<Matrix 4x4 ( 2.0000, 0.0000,  0.0000, 0.0000)
            ( 0.0000, 2.0000, -0.0000, 0.0000)
            ( 0.0000, 0.0000,  2.0000, 0.0000)
            (-2.0097, 1.0000,  6.2536, 1.0000)>
MESH
Grass2.007
<Matrix 4x4 ( 2.0000, 0.0000,  0.0000, 0.0000)
            ( 0.0000, 2.0000, -0.0000, 0.0000)
            ( 0.0000, 0.0000,  2.0000, 0.0000)
            (-3.1198, 1.0000,  7.2179, 1.0000)>
MESH
Grass2.008
<Matrix 4x4 ( 2.0000, 0.0000,  0.0000, 0.0000)
            ( 0.0000, 2.0000, -0.0000, 0.0000)
            ( 0.0000, 0.0000,  2.0000, 0.0000)
            (-3.6623, 1.0000,  5.3002, 1.0000)>
MESH
Grass2.009
<Matrix 4x4 ( 2.0000, 0.0000,  0.0000, 0.0000)
            ( 0.0000, 2.0000, -0.0000, 0.0000)
            ( 0.0000, 0.0000,  2.0000, 0.0000)
            (-1.2169, 1.0000,  8.2953, 1.0000)>
MESH
Grass2.010
<Matrix 4x4 (2.0000, 0.0000,  0.0000, 0.0000)
            (0.0000, 2.0000, -0.0000, 0.0000)
            (0.0000, 0.0000,  2.0000, 0.0000)
            (0.7695, 1.0000,  7.6529, 1.0000)>
MESH
Grass2.011
<Matrix 4x4 ( 2.0000, 0.0000,   0.0000, 0.0000)
            ( 0.0000, 2.0000,  -0.0000, 0.0000)
            ( 0.0000, 0.0000,   2.0000, 0.0000)
            (-3.5290, 1.0000, -22.6867, 1.0000)>
MESH
Grass2.012
<Matrix 4x4 ( 2.0000, 0.0000,   0.0000, 0.0000)
            ( 0.0000, 2.0000,  -0.0000, 0.0000)
            ( 0.0000, 0.0000,   2.0000, 0.0000)
            (-3.9866, 1.0000, -22.6867, 1.0000)>
MESH
Grass2.013
<Matrix 4x4 ( 2.0000, 0.0000,   0.0000, 0.0000)
            ( 0.0000, 2.0000,  -0.0000, 0.0000)
            ( 0.0000, 0.0000,   2.0000, 0.0000)
            (-4.5702, 1.0000, -22.6867, 1.0000)>
MESH
Grass2.014
<Matrix 4x4 ( 2.0000, 0.0000,   0.0000, 0.0000)
            ( 0.0000, 2.0000,  -0.0000, 0.0000)
            ( 0.0000, 0.0000,   2.0000, 0.0000)
            (-4.5702, 1.0000, -23.2714, 1.0000)>
MESH
Grass2.015
<Matrix 4x4 ( 2.0000, 0.0000,   0.0000, 0.0000)
            ( 0.0000, 2.0000,  -0.0000, 0.0000)
            ( 0.0000, 0.0000,   2.0000, 0.0000)
            (-4.0814, 1.0000, -23.2714, 1.0000)>
MESH
Grass2.016
<Matrix 4x4 ( 2.0000, 0.0000,   0.0000, 0.0000)
            ( 0.0000, 2.0000,  -0.0000, 0.0000)
            ( 0.0000, 0.0000,   2.0000, 0.0000)
            (-5.1956, 1.0000, -22.6939, 1.0000)>
MESH
Grass2.017
<Matrix 4x4 ( 2.0000, 0.0000,   0.0000, 0.0000)
            ( 0.0000, 2.0000,  -0.0000, 0.0000)
            ( 0.0000, 0.0000,   2.0000, 0.0000)
            (-4.5545, 1.0000, -23.9856, 1.0000)>
MESH
Grass2.018
<Matrix 4x4 ( 2.0000, 0.0000,   0.0000, 0.0000)
            ( 0.0000, 2.0000,  -0.0000, 0.0000)
            ( 0.0000, 0.0000,   2.0000, 0.0000)
            (-5.0165, 1.0000, -23.5241, 1.0000)>
MESH
Grass2.019
<Matrix 4x4 ( 2.0000, 0.0000,   0.0000, 0.0000)
            ( 0.0000, 2.0000,  -0.0000, 0.0000)
            ( 0.0000, 0.0000,   2.0000, 0.0000)
            (-5.9728, 1.0000, -23.7569, 1.0000)>
MESH
Grass2.020
<Matrix 4x4 ( 2.0000, 0.0000,   0.0000, 0.0000)
            ( 0.0000, 2.0000,  -0.0000, 0.0000)
            ( 0.0000, 0.0000,   2.0000, 0.0000)
            (-5.9022, 1.0000, -23.0622, 1.0000)>
MESH
Grass2.021
<Matrix 4x4 ( 2.0000, 0.0000,   0.0000, 0.0000)
            ( 0.0000, 2.0000,  -0.0000, 0.0000)
            ( 0.0000, 0.0000,   2.0000, 0.0000)
            (-6.9003, 1.0000, -23.0622, 1.0000)>
MESH
Grass2.022
<Matrix 4x4 ( 2.0000, 0.0000,   0.0000, 0.0000)
            ( 0.0000, 2.0000,  -0.0000, 0.0000)
            ( 0.0000, 0.0000,   2.0000, 0.0000)
            (-6.6166, 1.0000, -24.4975, 1.0000)>
MESH
Grass2.023
<Matrix 4x4 ( 2.0000, 0.0000,   0.0000, 0.0000)
            ( 0.0000, 2.0000,  -0.0000, 0.0000)
            ( 0.0000, 0.0000,   2.0000, 0.0000)
            (-5.4020, 1.0000, -24.4975, 1.0000)>
MESH
Grass2.024
<Matrix 4x4 (2.0000, 0.0000,   0.0000, 0.0000)
            (0.0000, 2.0000,  -0.0000, 0.0000)
            (0.0000, 0.0000,   2.0000, 0.0000)
            (7.6291, 1.0000, -22.5770, 1.0000)>
MESH
Grass2.025
<Matrix 4x4 (2.0000, 0.0000,   0.0000, 0.0000)
            (0.0000, 2.0000,  -0.0000, 0.0000)
            (0.0000, 0.0000,   2.0000, 0.0000)
            (8.1026, 1.0000, -22.3329, 1.0000)>
MESH
Grass2.026
<Matrix 4x4 (2.0000, 0.0000,   0.0000, 0.0000)
            (0.0000, 2.0000,  -0.0000, 0.0000)
            (0.0000, 0.0000,   2.0000, 0.0000)
            (8.1026, 1.0000, -23.0464, 1.0000)>
MESH
Grass2.027
<Matrix 4x4 (2.0000, 0.0000,   0.0000, 0.0000)
            (0.0000, 2.0000,  -0.0000, 0.0000)
            (0.0000, 0.0000,   2.0000, 0.0000)
            (8.6393, 1.0000, -23.0464, 1.0000)>
MESH
Grass2.028
<Matrix 4x4 (2.0000, 0.0000,   0.0000, 0.0000)
            (0.0000, 2.0000,  -0.0000, 0.0000)
            (0.0000, 0.0000,   2.0000, 0.0000)
            (9.0300, 1.0000, -22.3213, 1.0000)>
MESH
Grass2.029
<Matrix 4x4 (2.0000, 0.0000,   0.0000, 0.0000)
            (0.0000, 2.0000,  -0.0000, 0.0000)
            (0.0000, 0.0000,   2.0000, 0.0000)
            (8.7633, 1.0000, -24.0798, 1.0000)>
MESH
Grass2.030
<Matrix 4x4 (2.0000, 0.0000,   0.0000, 0.0000)
            (0.0000, 2.0000,  -0.0000, 0.0000)
            (0.0000, 0.0000,   2.0000, 0.0000)
            (9.3645, 1.0000, -23.6680, 1.0000)>
MESH
Grass2.031
<Matrix 4x4 (2.0000, 0.0000,   0.0000, 0.0000)
            (0.0000, 2.0000,  -0.0000, 0.0000)
            (0.0000, 0.0000,   2.0000, 0.0000)
            (9.8851, 1.0000, -22.6468, 1.0000)>
MESH
Grass2.032
<Matrix 4x4 ( 2.0000, 0.0000,   0.0000, 0.0000)
            ( 0.0000, 2.0000,  -0.0000, 0.0000)
            ( 0.0000, 0.0000,   2.0000, 0.0000)
            (10.1256, 1.0000, -23.3248, 1.0000)>
MESH
Grass3
<Matrix 4x4 ( 2.0000, 0.0000,  0.0000, 0.0000)
            ( 0.0000, 2.0000, -0.0000, 0.0000)
            ( 0.0000, 0.0000,  2.0000, 0.0000)
            (11.8694, 1.0000, 13.5951, 1.0000)>
MESH
Grass3.001
<Matrix 4x4 ( 2.0000, 0.0000,  0.0000, 0.0000)
            ( 0.0000, 2.0000, -0.0000, 0.0000)
            ( 0.0000, 0.0000,  2.0000, 0.0000)
            (13.1933, 1.0000, 14.7323, 1.0000)>
MESH
Grass3.002
<Matrix 4x4 ( 2.0000, 0.0000,  0.0000, 0.0000)
            ( 0.0000, 2.0000, -0.0000, 0.0000)
            ( 0.0000, 0.0000,  2.0000, 0.0000)
            (14.4103, 1.0000, 13.8881, 1.0000)>
MESH
Grass3.003
<Matrix 4x4 ( 2.0000, 0.0000,  0.0000, 0.0000)
            ( 0.0000, 2.0000, -0.0000, 0.0000)
            ( 0.0000, 0.0000,  2.0000, 0.0000)
            (13.7917, 1.0000, 13.1671, 1.0000)>
MESH
Grass3.004
<Matrix 4x4 ( 2.0000, 0.0000,  0.0000, 0.0000)
            ( 0.0000, 2.0000, -0.0000, 0.0000)
            ( 0.0000, 0.0000,  2.0000, 0.0000)
            (17.0866, 1.0000, 14.8209, 1.0000)>
MESH
Grass3.005
<Matrix 4x4 ( 2.0000, 0.0000,  0.0000, 0.0000)
            ( 0.0000, 2.0000, -0.0000, 0.0000)
            ( 0.0000, 0.0000,  2.0000, 0.0000)
            (16.0309, 1.0000, 13.4062, 1.0000)>
MESH
Grass3.006
<Matrix 4x4 (2.0000, 0.0000,  0.0000, 0.0000)
            (0.0000, 2.0000, -0.0000, 0.0000)
            (0.0000, 0.0000,  2.0000, 0.0000)
            (8.4596, 1.0000, 13.4062, 1.0000)>
MESH
Grass3.007
<Matrix 4x4 (2.0000, 0.0000,  0.0000, 0.0000)
            (0.0000, 2.0000, -0.0000, 0.0000)
            (0.0000, 0.0000,  2.0000, 0.0000)
            (7.6130, 1.0000, 14.6677, 1.0000)>
MESH
Rock1
<Matrix 4x4 ( 3.0000, 0.0000,   0.0000, 0.0000)
            ( 0.0000, 2.0000,  -0.0000, 0.0000)
            ( 0.0000, 0.0000,   2.0000, 0.0000)
            (21.5475, 1.0000, -18.9643, 1.0000)>
MESH
Rock1.001
<Matrix 4x4 ( 1.0000, 0.0000,   0.0000, 0.0000)
            ( 0.0000, 1.0000,  -0.0000, 0.0000)
            ( 0.0000, 0.0000,   1.0000, 0.0000)
            (23.7851, 1.0000, -16.3717, 1.0000)>
MESH
Rock1.002
<Matrix 4x4 ( 0.6805, 0.0000,   0.7328, 0.0000)
            ( 0.0000, 1.0000,  -0.0000, 0.0000)
            (-0.7328, 0.0000,   0.6805, 0.0000)
            (17.0196, 1.0000, -19.6219, 1.0000)>
MESH
Rock1.003
<Matrix 4x4 ( 0.1361, 0.0000,   0.1466, 0.0000)
            ( 0.0000, 0.2000,  -0.0000, 0.0000)
            (-0.1466, 0.0000,   0.1361, 0.0000)
            (18.5024, 1.0000, -18.3732, 1.0000)>
MESH
Rock1.004
<Matrix 4x4 ( 0.1361, 0.0000,   0.1466, 0.0000)
            ( 0.0000, 0.2000,  -0.0000, 0.0000)
            (-0.1466, 0.0000,   0.1361, 0.0000)
            (17.1922, 1.0000, -17.3235, 1.0000)>
MESH
Rock1.005
<Matrix 4x4 ( 0.1361, 0.0000,   0.1466, 0.0000)
            ( 0.0000, 0.2000,  -0.0000, 0.0000)
            (-0.1466, 0.0000,   0.1361, 0.0000)
            (18.5609, 1.0000, -16.9845, 1.0000)>
MESH
Rock1.006
<Matrix 4x4 ( 0.1361, 0.0000,   0.1466, 0.0000)
            ( 0.0000, 0.2000,  -0.0000, 0.0000)
            (-0.1466, 0.0000,   0.1361, 0.0000)
            (19.4993, 1.0000, -16.1666, 1.0000)>
MESH
Rock1.007
<Matrix 4x4 ( 0.1361, 0.0000,   0.1466, 0.0000)
            ( 0.0000, 0.2000,  -0.0000, 0.0000)
            (-0.1466, 0.0000,   0.1361, 0.0000)
            (21.6304, 1.0000, -16.1666, 1.0000)>
MESH
Rock1.008
<Matrix 4x4 ( 0.1361, 0.0000,   0.1466, 0.0000)
            ( 0.0000, 0.2000,  -0.0000, 0.0000)
            (-0.1466, 0.0000,   0.1361, 0.0000)
            (22.6462, 1.0000, -15.1345, 1.0000)>
MESH
Rock1.009
<Matrix 4x4 ( 0.0544, 0.0000,   0.0586, 0.0000)
            ( 0.0000, 0.0800,  -0.0000, 0.0000)
            (-0.0586, 0.0000,   0.0544, 0.0000)
            (21.0420, 1.0000, -16.7989, 1.0000)>
MESH
Rock1.010
<Matrix 4x4 ( 0.0544, 0.0000,   0.0586, 0.0000)
            ( 0.0000, 0.0800,  -0.0000, 0.0000)
            (-0.0586, 0.0000,   0.0544, 0.0000)
            (19.5258, 1.0000, -17.3118, 1.0000)>
MESH
Rock1.011
<Matrix 4x4 ( 0.0544, 0.0000,   0.0586, 0.0000)
            ( 0.0000, 0.0800,  -0.0000, 0.0000)
            (-0.0586, 0.0000,   0.0544, 0.0000)
            (21.0420, 1.0000, -16.7989, 1.0000)>
MESH
Rock1.012
<Matrix 4x4 ( 0.0544, 0.0000,   0.0586, 0.0000)
            ( 0.0000, 0.0800,  -0.0000, 0.0000)
            (-0.0586, 0.0000,   0.0544, 0.0000)
            (18.8133, 1.0000, -16.0855, 1.0000)>
MESH
Rock1.013
<Matrix 4x4 ( 0.0544, 0.0000,   0.0586, 0.0000)
            ( 0.0000, 0.0800,  -0.0000, 0.0000)
            (-0.0586, 0.0000,   0.0544, 0.0000)
            (22.1546, 1.0000, -16.7202, 1.0000)>
MESH
Tree1
<Matrix 4x4 (  2.0000, 0.0000,  0.0000, 0.0000)
            (  0.0000, 2.0000, -0.0000, 0.0000)
            (  0.0000, 0.0000,  2.0000, 0.0000)
            (-10.2992, 1.0000, 22.1141, 1.0000)>
MESH
Tree1.001
<Matrix 4x4 (  1.4898, 0.0000,  1.3343, 0.0000)
            (  0.0000, 3.0000, -0.0000, 0.0000)
            ( -1.3343, 0.0000,  1.4898, 0.0000)
            (-14.0414, 1.0000, 22.1141, 1.0000)>
MESH
Tree1.002
<Matrix 4x4 (  1.7985, 0.0000, -0.8749, 0.0000)
            ( -0.0000, 2.0000, -0.0000, 0.0000)
            (  0.8749, 0.0000,  1.7985, 0.0000)
            (-26.0855, 1.0000, 10.0626, 1.0000)>
