# Game Level Exporter v1.0
MESH
Floor_Modular.031
<Matrix 4x4 (1.0000, 0.0000,  0.0000, 0.0000)
            (0.0000, 1.0000, -0.0000, 0.0000)
            (0.0000, 0.0000,  1.0000, 0.0000)
            (4.0000, 0.0000, -6.0000, 1.0000)>
MESH
Floor_Modular.001
<Matrix 4x4 (1.0000, 0.0000,  0.0000, 0.0000)
            (0.0000, 1.0000, -0.0000, 0.0000)
            (0.0000, 0.0000,  1.0000, 0.0000)
            (0.0000, 0.0000,  2.0000, 1.0000)>
MESH
Floor_Modular.002
<Matrix 4x4 (1.0000, 0.0000,  0.0000, 0.0000)
            (0.0000, 1.0000, -0.0000, 0.0000)
            (0.0000, 0.0000,  1.0000, 0.0000)
            (4.0000, 0.0000,  6.0000, 1.0000)>
MESH
Floor_Modular.003
<Matrix 4x4 (1.0000, 0.0000,  0.0000, 0.0000)
            (0.0000, 1.0000, -0.0000, 0.0000)
            (0.0000, 0.0000,  1.0000, 0.0000)
            (0.0000, 0.0000,  4.0000, 1.0000)>
MESH
Floor_Modular.004
<Matrix 4x4 (1.0000, 0.0000,  0.0000, 0.0000)
            (0.0000, 1.0000, -0.0000, 0.0000)
            (0.0000, 0.0000,  1.0000, 0.0000)
            (0.0000, 0.0000,  6.0000, 1.0000)>
MESH
Floor_Modular.005
<Matrix 4x4 (1.0000, 0.0000,  0.0000, 0.0000)
            (0.0000, 1.0000, -0.0000, 0.0000)
            (0.0000, 0.0000,  1.0000, 0.0000)
            (4.0000, 0.0000,  0.0000, 1.0000)>
MESH
Floor_Modular.006
<Matrix 4x4 (1.0000, 0.0000,  0.0000, 0.0000)
            (0.0000, 1.0000, -0.0000, 0.0000)
            (0.0000, 0.0000,  1.0000, 0.0000)
            (4.0000, 0.0000,  2.0000, 1.0000)>
MESH
Floor_Modular.007
<Matrix 4x4 (1.0000, 0.0000,  0.0000, 0.0000)
            (0.0000, 1.0000, -0.0000, 0.0000)
            (0.0000, 0.0000,  1.0000, 0.0000)
            (4.0000, 0.0000,  4.0000, 1.0000)>
MESH
Floor_Modular.008
<Matrix 4x4 (1.0000, 0.0000,  0.0000, 0.0000)
            (0.0000, 1.0000, -0.0000, 0.0000)
            (0.0000, 0.0000,  1.0000, 0.0000)
            (0.0000, 0.0000,  0.0000, 1.0000)>
MESH
Floor_Modular.009
<Matrix 4x4 (1.0000, 0.0000,  0.0000, 0.0000)
            (0.0000, 1.0000, -0.0000, 0.0000)
            (0.0000, 0.0000,  1.0000, 0.0000)
            (0.0000, 0.0000, -2.0000, 1.0000)>
MESH
Floor_Modular.010
<Matrix 4x4 (1.0000, 0.0000,  0.0000, 0.0000)
            (0.0000, 1.0000, -0.0000, 0.0000)
            (0.0000, 0.0000,  1.0000, 0.0000)
            (0.0000, 0.0000, -4.0000, 1.0000)>
MESH
Floor_Modular.011
<Matrix 4x4 (1.0000, 0.0000,  0.0000, 0.0000)
            (0.0000, 1.0000, -0.0000, 0.0000)
            (0.0000, 0.0000,  1.0000, 0.0000)
            (0.0000, 0.0000, -6.0000, 1.0000)>
MESH
Floor_Modular.012
<Matrix 4x4 (1.0000, 0.0000,  0.0000, 0.0000)
            (0.0000, 1.0000, -0.0000, 0.0000)
            (0.0000, 0.0000,  1.0000, 0.0000)
            (4.0000, 0.0000, -2.0000, 1.0000)>
MESH
Floor_Modular.013
<Matrix 4x4 (1.0000, 0.0000,  0.0000, 0.0000)
            (0.0000, 1.0000, -0.0000, 0.0000)
            (0.0000, 0.0000,  1.0000, 0.0000)
            (4.0000, 0.0000, -4.0000, 1.0000)>
MESH
Floor_Modular.014
<Matrix 4x4 (1.0000, 0.0000,  0.0000, 0.0000)
            (0.0000, 1.0000, -0.0000, 0.0000)
            (0.0000, 0.0000,  1.0000, 0.0000)
            (6.0000, 0.0000, -6.0000, 1.0000)>
MESH
Floor_Modular.015
<Matrix 4x4 (1.0000, 0.0000,  0.0000, 0.0000)
            (0.0000, 1.0000, -0.0000, 0.0000)
            (0.0000, 0.0000,  1.0000, 0.0000)
            (6.0000, 0.0000, -4.0000, 1.0000)>
MESH
Floor_Modular.016
<Matrix 4x4 (1.0000, 0.0000,  0.0000, 0.0000)
            (0.0000, 1.0000, -0.0000, 0.0000)
            (0.0000, 0.0000,  1.0000, 0.0000)
            (6.0000, 0.0000, -2.0000, 1.0000)>
MESH
Floor_Modular.017
<Matrix 4x4 (1.0000, 0.0000,  0.0000, 0.0000)
            (0.0000, 1.0000, -0.0000, 0.0000)
            (0.0000, 0.0000,  1.0000, 0.0000)
            (2.0000, 0.0000, -6.0000, 1.0000)>
MESH
Floor_Modular.018
<Matrix 4x4 (1.0000, 0.0000,  0.0000, 0.0000)
            (0.0000, 1.0000, -0.0000, 0.0000)
            (0.0000, 0.0000,  1.0000, 0.0000)
            (2.0000, 0.0000, -4.0000, 1.0000)>
MESH
Floor_Modular.019
<Matrix 4x4 (1.0000, 0.0000,  0.0000, 0.0000)
            (0.0000, 1.0000, -0.0000, 0.0000)
            (0.0000, 0.0000,  1.0000, 0.0000)
            (2.0000, 0.0000, -2.0000, 1.0000)>
MESH
Floor_Modular.020
<Matrix 4x4 (1.0000, 0.0000,  0.0000, 0.0000)
            (0.0000, 1.0000, -0.0000, 0.0000)
            (0.0000, 0.0000,  1.0000, 0.0000)
            (2.0000, 0.0000,  0.0000, 1.0000)>
MESH
Floor_Modular.021
<Matrix 4x4 (1.0000, 0.0000,  0.0000, 0.0000)
            (0.0000, 1.0000, -0.0000, 0.0000)
            (0.0000, 0.0000,  1.0000, 0.0000)
            (6.0000, 0.0000,  4.0000, 1.0000)>
MESH
Floor_Modular.022
<Matrix 4x4 (1.0000, 0.0000,  0.0000, 0.0000)
            (0.0000, 1.0000, -0.0000, 0.0000)
            (0.0000, 0.0000,  1.0000, 0.0000)
            (6.0000, 0.0000,  2.0000, 1.0000)>
MESH
Floor_Modular.023
<Matrix 4x4 (1.0000, 0.0000,  0.0000, 0.0000)
            (0.0000, 1.0000, -0.0000, 0.0000)
            (0.0000, 0.0000,  1.0000, 0.0000)
            (6.0000, 0.0000,  0.0000, 1.0000)>
MESH
Floor_Modular.024
<Matrix 4x4 (1.0000, 0.0000,  0.0000, 0.0000)
            (0.0000, 1.0000, -0.0000, 0.0000)
            (0.0000, 0.0000,  1.0000, 0.0000)
            (2.0000, 0.0000,  6.0000, 1.0000)>
MESH
Floor_Modular.025
<Matrix 4x4 (1.0000, 0.0000,  0.0000, 0.0000)
            (0.0000, 1.0000, -0.0000, 0.0000)
            (0.0000, 0.0000,  1.0000, 0.0000)
            (2.0000, 0.0000,  4.0000, 1.0000)>
MESH
Floor_Modular.026
<Matrix 4x4 (1.0000, 0.0000,  0.0000, 0.0000)
            (0.0000, 1.0000, -0.0000, 0.0000)
            (0.0000, 0.0000,  1.0000, 0.0000)
            (6.0000, 0.0000,  6.0000, 1.0000)>
MESH
Floor_Modular.027
<Matrix 4x4 (1.0000, 0.0000,  0.0000, 0.0000)
            (0.0000, 1.0000, -0.0000, 0.0000)
            (0.0000, 0.0000,  1.0000, 0.0000)
            (2.0000, 0.0000,  2.0000, 1.0000)>
MESH
Floor_Modular.028
<Matrix 4x4 ( 1.0000, 0.0000,  0.0000, 0.0000)
            ( 0.0000, 1.0000, -0.0000, 0.0000)
            ( 0.0000, 0.0000,  1.0000, 0.0000)
            (-4.0000, 0.0000, -6.0000, 1.0000)>
MESH
Floor_Modular.029
<Matrix 4x4 ( 1.0000, 0.0000,  0.0000, 0.0000)
            ( 0.0000, 1.0000, -0.0000, 0.0000)
            ( 0.0000, 0.0000,  1.0000, 0.0000)
            (-6.0000, 0.0000,  2.0000, 1.0000)>
MESH
Floor_Modular.030
<Matrix 4x4 ( 1.0000, 0.0000,  0.0000, 0.0000)
            ( 0.0000, 1.0000, -0.0000, 0.0000)
            ( 0.0000, 0.0000,  1.0000, 0.0000)
            (-2.0000, 0.0000,  6.0000, 1.0000)>
MESH
Floor_Modular.032
<Matrix 4x4 ( 1.0000, 0.0000,  0.0000, 0.0000)
            ( 0.0000, 1.0000, -0.0000, 0.0000)
            ( 0.0000, 0.0000,  1.0000, 0.0000)
            (-6.0000, 0.0000,  4.0000, 1.0000)>
MESH
Floor_Modular.033
<Matrix 4x4 ( 1.0000, 0.0000,  0.0000, 0.0000)
            ( 0.0000, 1.0000, -0.0000, 0.0000)
            ( 0.0000, 0.0000,  1.0000, 0.0000)
            (-6.0000, 0.0000,  6.0000, 1.0000)>
MESH
Floor_Modular.034
<Matrix 4x4 ( 1.0000, 0.0000,  0.0000, 0.0000)
            ( 0.0000, 1.0000, -0.0000, 0.0000)
            ( 0.0000, 0.0000,  1.0000, 0.0000)
            (-2.0000, 0.0000,  0.0000, 1.0000)>
MESH
Floor_Modular.035
<Matrix 4x4 ( 1.0000, 0.0000,  0.0000, 0.0000)
            ( 0.0000, 1.0000, -0.0000, 0.0000)
            ( 0.0000, 0.0000,  1.0000, 0.0000)
            (-2.0000, 0.0000,  2.0000, 1.0000)>
MESH
Floor_Modular.036
<Matrix 4x4 ( 1.0000, 0.0000,  0.0000, 0.0000)
            ( 0.0000, 1.0000, -0.0000, 0.0000)
            ( 0.0000, 0.0000,  1.0000, 0.0000)
            (-2.0000, 0.0000,  4.0000, 1.0000)>
MESH
Floor_Modular.037
<Matrix 4x4 ( 1.0000, 0.0000,  0.0000, 0.0000)
            ( 0.0000, 1.0000, -0.0000, 0.0000)
            ( 0.0000, 0.0000,  1.0000, 0.0000)
            (-6.0000, 0.0000,  0.0000, 1.0000)>
MESH
Floor_Modular.038
<Matrix 4x4 ( 1.0000, 0.0000,  0.0000, 0.0000)
            ( 0.0000, 1.0000, -0.0000, 0.0000)
            ( 0.0000, 0.0000,  1.0000, 0.0000)
            (-6.0000, 0.0000, -2.0000, 1.0000)>
MESH
Floor_Modular.039
<Matrix 4x4 ( 1.0000, 0.0000,  0.0000, 0.0000)
            ( 0.0000, 1.0000, -0.0000, 0.0000)
            ( 0.0000, 0.0000,  1.0000, 0.0000)
            (-6.0000, 0.0000, -4.0000, 1.0000)>
MESH
Floor_Modular.040
<Matrix 4x4 ( 1.0000, 0.0000,  0.0000, 0.0000)
            ( 0.0000, 1.0000, -0.0000, 0.0000)
            ( 0.0000, 0.0000,  1.0000, 0.0000)
            (-6.0000, 0.0000, -6.0000, 1.0000)>
MESH
Floor_Modular.041
<Matrix 4x4 ( 1.0000, 0.0000,  0.0000, 0.0000)
            ( 0.0000, 1.0000, -0.0000, 0.0000)
            ( 0.0000, 0.0000,  1.0000, 0.0000)
            (-2.0000, 0.0000, -2.0000, 1.0000)>
MESH
Floor_Modular.042
<Matrix 4x4 ( 1.0000, 0.0000,  0.0000, 0.0000)
            ( 0.0000, 1.0000, -0.0000, 0.0000)
            ( 0.0000, 0.0000,  1.0000, 0.0000)
            (-2.0000, 0.0000, -4.0000, 1.0000)>
MESH
Floor_Modular.043
<Matrix 4x4 ( 1.0000, 0.0000,  0.0000, 0.0000)
            ( 0.0000, 1.0000, -0.0000, 0.0000)
            ( 0.0000, 0.0000,  1.0000, 0.0000)
            (-2.0000, 0.0000, -6.0000, 1.0000)>
MESH
Floor_Modular.044
<Matrix 4x4 ( 1.0000, 0.0000,  0.0000, 0.0000)
            ( 0.0000, 1.0000, -0.0000, 0.0000)
            ( 0.0000, 0.0000,  1.0000, 0.0000)
            (-4.0000, 0.0000, -4.0000, 1.0000)>
MESH
Floor_Modular.045
<Matrix 4x4 ( 1.0000, 0.0000,  0.0000, 0.0000)
            ( 0.0000, 1.0000, -0.0000, 0.0000)
            ( 0.0000, 0.0000,  1.0000, 0.0000)
            (-4.0000, 0.0000, -2.0000, 1.0000)>
MESH
Floor_Modular.046
<Matrix 4x4 ( 1.0000, 0.0000,  0.0000, 0.0000)
            ( 0.0000, 1.0000, -0.0000, 0.0000)
            ( 0.0000, 0.0000,  1.0000, 0.0000)
            (-8.0000, 0.0000, -6.0000, 1.0000)>
MESH
Floor_Modular.047
<Matrix 4x4 ( 1.0000, 0.0000,  0.0000, 0.0000)
            ( 0.0000, 1.0000, -0.0000, 0.0000)
            ( 0.0000, 0.0000,  1.0000, 0.0000)
            (-8.0000, 0.0000, -4.0000, 1.0000)>
MESH
Floor_Modular.048
<Matrix 4x4 ( 1.0000, 0.0000,  0.0000, 0.0000)
            ( 0.0000, 1.0000, -0.0000, 0.0000)
            ( 0.0000, 0.0000,  1.0000, 0.0000)
            (-8.0000, 0.0000, -2.0000, 1.0000)>
MESH
Floor_Modular.049
<Matrix 4x4 ( 1.0000, 0.0000,  0.0000, 0.0000)
            ( 0.0000, 1.0000, -0.0000, 0.0000)
            ( 0.0000, 0.0000,  1.0000, 0.0000)
            (-8.0000, 0.0000,  0.0000, 1.0000)>
MESH
Floor_Modular.050
<Matrix 4x4 ( 1.0000, 0.0000,  0.0000, 0.0000)
            ( 0.0000, 1.0000, -0.0000, 0.0000)
            ( 0.0000, 0.0000,  1.0000, 0.0000)
            (-4.0000, 0.0000,  4.0000, 1.0000)>
MESH
Floor_Modular.051
<Matrix 4x4 ( 1.0000, 0.0000,  0.0000, 0.0000)
            ( 0.0000, 1.0000, -0.0000, 0.0000)
            ( 0.0000, 0.0000,  1.0000, 0.0000)
            (-4.0000, 0.0000,  2.0000, 1.0000)>
MESH
Floor_Modular.052
<Matrix 4x4 ( 1.0000, 0.0000,  0.0000, 0.0000)
            ( 0.0000, 1.0000, -0.0000, 0.0000)
            ( 0.0000, 0.0000,  1.0000, 0.0000)
            (-4.0000, 0.0000,  0.0000, 1.0000)>
MESH
Floor_Modular.053
<Matrix 4x4 ( 1.0000, 0.0000,  0.0000, 0.0000)
            ( 0.0000, 1.0000, -0.0000, 0.0000)
            ( 0.0000, 0.0000,  1.0000, 0.0000)
            (-8.0000, 0.0000,  6.0000, 1.0000)>
MESH
Floor_Modular.054
<Matrix 4x4 ( 1.0000, 0.0000,  0.0000, 0.0000)
            ( 0.0000, 1.0000, -0.0000, 0.0000)
            ( 0.0000, 0.0000,  1.0000, 0.0000)
            (-8.0000, 0.0000,  4.0000, 1.0000)>
MESH
Floor_Modular.055
<Matrix 4x4 ( 1.0000, 0.0000,  0.0000, 0.0000)
            ( 0.0000, 1.0000, -0.0000, 0.0000)
            ( 0.0000, 0.0000,  1.0000, 0.0000)
            (-4.0000, 0.0000,  6.0000, 1.0000)>
MESH
Floor_Modular.056
<Matrix 4x4 ( 1.0000, 0.0000,  0.0000, 0.0000)
            ( 0.0000, 1.0000, -0.0000, 0.0000)
            ( 0.0000, 0.0000,  1.0000, 0.0000)
            (-8.0000, 0.0000,  2.0000, 1.0000)>
MESH
Arch.035
<Matrix 4x4 (1.0000, 0.0000,  0.0000, 0.0000)
            (0.0000, 1.0000, -0.0000, 0.0000)
            (0.0000, 0.0000,  1.0000, 0.0000)
            (0.0000, 0.0000,  6.5000, 1.0000)>
MESH
Arch_Door.044
<Matrix 4x4 (1.0000, 0.0000,  0.0000, 0.0000)
            (0.0000, 1.0000, -0.0000, 0.0000)
            (0.0000, 0.0000,  1.0000, 0.0000)
            (0.0000, 0.0000,  6.5000, 1.0000)>
MESH
Decorative_Wall.003
<Matrix 4x4 (-0.0000, -1.0000,  0.0000, 0.0000)
            ( 1.0000, -0.0000, -0.0000, 0.0000)
            ( 0.0000, -0.0000,  1.0000, 0.0000)
            ( 4.7713,  0.7442,  6.5000, 1.0000)>
MESH
Wall_Modular.005
<Matrix 4x4 (-0.0000, -1.0000,  0.0000, 0.0000)
            ( 1.0000, -0.0000, -0.0000, 0.0000)
            ( 0.0000, -0.0000,  1.0000, 0.0000)
            ( 3.0000,  1.0000,  6.5000, 1.0000)>
MESH
Wall_Modular.001
<Matrix 4x4 ( 1.0000, 0.0000,  0.0000, 0.0000)
            ( 0.0000, 1.0000, -0.0000, 0.0000)
            ( 0.0000, 0.0000,  1.0000, 0.0000)
            (-3.0000, 1.0000,  6.5000, 1.0000)>
MESH
Wall_Modular.002
<Matrix 4x4 (-0.0000, 0.0000,  1.0000, 0.0000)
            ( 0.0000, 1.0000,  0.0000, 0.0000)
            (-1.0000, 0.0000, -0.0000, 0.0000)
            ( 6.5000, 1.0000,  6.0000, 1.0000)>
MESH
Wall_Modular.003
<Matrix 4x4 ( 1.0000, 0.0000,  0.0000, 0.0000)
            ( 0.0000, 1.0000, -0.0000, 0.0000)
            ( 0.0000, 0.0000,  1.0000, 0.0000)
            (-4.0000, 1.0000, -6.5000, 1.0000)>
MESH
Wall_Modular.004
<Matrix 4x4 (-0.0000, 0.0000,  1.0000, 0.0000)
            ( 0.0000, 1.0000,  0.0000, 0.0000)
            (-1.0000, 0.0000, -0.0000, 0.0000)
            ( 6.5000, 1.0000,  4.0000, 1.0000)>
MESH
Wall_Modular.006
<Matrix 4x4 (-0.0000, 0.0000,  1.0000, 0.0000)
            ( 0.0000, 1.0000,  0.0000, 0.0000)
            (-1.0000, 0.0000, -0.0000, 0.0000)
            ( 6.5000, 1.0000,  0.0000, 1.0000)>
MESH
Wall_Modular.007
<Matrix 4x4 (-0.0000, 0.0000,  1.0000, 0.0000)
            ( 0.0000, 1.0000,  0.0000, 0.0000)
            (-1.0000, 0.0000, -0.0000, 0.0000)
            ( 6.5000, 1.0000,  2.0000, 1.0000)>
MESH
Wall_Modular.008
<Matrix 4x4 (-0.0000, 0.0000,  1.0000, 0.0000)
            ( 0.0000, 1.0000,  0.0000, 0.0000)
            (-1.0000, 0.0000, -0.0000, 0.0000)
            ( 6.5000, 1.0000, -2.0000, 1.0000)>
MESH
Wall_Modular.009
<Matrix 4x4 (-0.0000, 0.0000,  1.0000, 0.0000)
            ( 0.0000, 1.0000,  0.0000, 0.0000)
            (-1.0000, 0.0000, -0.0000, 0.0000)
            ( 6.5000, 1.0000, -4.0000, 1.0000)>
MESH
Wall_Modular.010
<Matrix 4x4 (1.0000, 0.0000,  0.0000, 0.0000)
            (0.0000, 1.0000, -0.0000, 0.0000)
            (0.0000, 0.0000,  1.0000, 0.0000)
            (2.0000, 1.0000, -6.5000, 1.0000)>
MESH
Wall_Modular.011
<Matrix 4x4 (1.0000, 0.0000,  0.0000, 0.0000)
            (0.0000, 1.0000, -0.0000, 0.0000)
            (0.0000, 0.0000,  1.0000, 0.0000)
            (0.0000, 1.0000, -6.5000, 1.0000)>
MESH
Wall_Modular.012
<Matrix 4x4 ( 1.0000, 0.0000,  0.0000, 0.0000)
            ( 0.0000, 1.0000, -0.0000, 0.0000)
            ( 0.0000, 0.0000,  1.0000, 0.0000)
            (-2.0000, 1.0000, -6.5000, 1.0000)>
MESH
Wall_Modular.013
<Matrix 4x4 ( 1.0000, 0.0000,  0.0000, 0.0000)
            ( 0.0000, 1.0000, -0.0000, 0.0000)
            ( 0.0000, 0.0000,  1.0000, 0.0000)
            (-7.0000, 1.0000,  6.5000, 1.0000)>
MESH
Wall_Modular.014
<Matrix 4x4 ( 1.0000, 0.0000,  0.0000, 0.0000)
            ( 0.0000, 1.0000, -0.0000, 0.0000)
            ( 0.0000, 0.0000,  1.0000, 0.0000)
            (-5.0000, 1.0000,  6.5000, 1.0000)>
MESH
Wall_Modular.015
<Matrix 4x4 (-0.0000, 0.0000,  1.0000, 0.0000)
            ( 0.0000, 1.0000,  0.0000, 0.0000)
            (-1.0000, 0.0000, -0.0000, 0.0000)
            (-8.5000, 1.0000,  2.0000, 1.0000)>
MESH
Wall_Modular.016
<Matrix 4x4 (-0.0000, 0.0000,  1.0000, 0.0000)
            ( 0.0000, 1.0000,  0.0000, 0.0000)
            (-1.0000, 0.0000, -0.0000, 0.0000)
            (-8.5000, 1.0000,  4.0000, 1.0000)>
MESH
Decorative_Wall.001
<Matrix 4x4 (-0.0000, -1.0000,  0.0000, 0.0000)
            ( 1.0000, -0.0000, -0.0000, 0.0000)
            ( 0.0000, -0.0000,  1.0000, 0.0000)
            ( 3.8000,  0.7442, -6.5000, 1.0000)>
MESH
Decorative_Wall.002
<Matrix 4x4 (-0.0000, -1.0000,  0.0000, 0.0000)
            ( 1.0000, -0.0000, -0.0000, 0.0000)
            ( 0.0000, -0.0000,  1.0000, 0.0000)
            ( 5.2500,  0.2311, -6.5000, 1.0000)>
MESH
WallCover_Modular.017
<Matrix 4x4 (1.0000, 0.0000,  0.0000, 0.0000)
            (0.0000, 1.0000, -0.0000, 0.0000)
            (0.0000, 0.0000,  1.0000, 0.0000)
            (3.0000, 3.0000,  6.5000, 1.0000)>
MESH
WallCover_Modular.001
<Matrix 4x4 (1.0000, 0.0000,  0.0000, 0.0000)
            (0.0000, 1.0000, -0.0000, 0.0000)
            (0.0000, 0.0000,  1.0000, 0.0000)
            (1.0000, 5.0000,  6.5000, 1.0000)>
MESH
WallCover_Modular.002
<Matrix 4x4 ( 1.0000, 0.0000,  0.0000, 0.0000)
            ( 0.0000, 1.0000, -0.0000, 0.0000)
            ( 0.0000, 0.0000,  1.0000, 0.0000)
            (-3.0000, 3.0000,  6.5000, 1.0000)>
MESH
WallCover_Modular.003
<Matrix 4x4 ( 1.0000, 0.0000,  0.0000, 0.0000)
            ( 0.0000, 1.0000, -0.0000, 0.0000)
            ( 0.0000, 0.0000,  1.0000, 0.0000)
            (-1.0000, 5.0000,  6.5000, 1.0000)>
MESH
WallCover_Modular.004
<Matrix 4x4 ( 1.0000, 0.0000,  0.0000, 0.0000)
            ( 0.0000, 1.0000, -0.0000, 0.0000)
            ( 0.0000, 0.0000,  1.0000, 0.0000)
            (-6.1732, 3.0000,  6.5000, 1.0000)>
MESH
WallCover_Modular.005
<Matrix 4x4 (-0.0000, 0.0000,  1.0000, 0.0000)
            ( 0.0000, 1.0000,  0.0000, 0.0000)
            (-1.0000, 0.0000, -0.0000, 0.0000)
            ( 6.5000, 3.0000, -1.6065, 1.0000)>
MESH
WallCover_Modular.006
<Matrix 4x4 ( 1.0000, 0.0000,  0.0000, 0.0000)
            ( 0.0000, 1.0000, -0.0000, 0.0000)
            ( 0.0000, 0.0000,  1.0000, 0.0000)
            (-2.3742, 3.0000, -6.5000, 1.0000)>
MESH
WallCover_Modular.007
<Matrix 4x4 (1.0000, 0.0000,  0.0000, 0.0000)
            (0.0000, 1.0000, -0.0000, 0.0000)
            (0.0000, 0.0000,  1.0000, 0.0000)
            (1.0239, 3.0000, -6.5000, 1.0000)>
MESH
WallCover_Modular.008
<Matrix 4x4 (-0.0000, 0.0000,  1.0000, 0.0000)
            ( 0.0000, 1.0000,  0.0000, 0.0000)
            (-1.0000, 0.0000, -0.0000, 0.0000)
            ( 6.5000, 3.0000,  1.3133, 1.0000)>
MESH
Column.083
<Matrix 4x4 ( 1.0000, 0.0000,  0.0000, 0.0000)
            ( 0.0000, 1.0000, -0.0000, 0.0000)
            ( 0.0000, 0.0000,  1.0000, 0.0000)
            (-7.2830, 0.0000, -3.0657, 1.0000)>
MESH
Floor_BricksSeparate2.032
<Matrix 4x4 ( 1.0000, 0.0000,  0.0000, 0.0000)
            ( 0.0000, 1.0000, -0.0000, 0.0000)
            ( 0.0000, 0.0000,  1.0000, 0.0000)
            (-4.5140, 0.0000,  5.1037, 1.0000)>
MESH
Floor_BricksSeparate2.001
<Matrix 4x4 ( 0.6071, 0.0000, -0.7946, 0.0000)
            (-0.0000, 1.0000, -0.0000, 0.0000)
            ( 0.7946, 0.0000,  0.6071, 0.0000)
            ( 4.6269, 0.0000,  5.1037, 1.0000)>
MESH
Floor_BricksSeparate2.002
<Matrix 4x4 ( 0.6071, 0.0000, -0.7946, 0.0000)
            (-0.0000, 1.0000, -0.0000, 0.0000)
            ( 0.7946, 0.0000,  0.6071, 0.0000)
            ( 1.4272, 0.0000, -5.6308, 1.0000)>
MESH
Pedestal.014
<Matrix 4x4 ( 1.0000, 0.0000,  0.0000, 0.0000)
            ( 0.0000, 1.0000, -0.0000, 0.0000)
            ( 0.0000, 0.0000,  1.0000, 0.0000)
            (-0.7729, 0.0000, -5.3084, 1.0000)>
MESH
Skull.000
<Matrix 4x4 ( 0.6248, 0.0000,  0.7808, 0.0000)
            ( 0.0000, 1.0000, -0.0000, 0.0000)
            (-0.7808, 0.0000,  0.6248, 0.0000)
            ( 1.5198, 0.1513,  5.1163, 1.0000)>
MESH
Stairs_Modular.031
<Matrix 4x4 (-1.0000, 0.0000, -0.0000, 0.0000)
            (-0.0000, 1.0000,  0.0000, 0.0000)
            ( 0.0000, 0.0000, -1.0000, 0.0000)
            (-7.2899, 1.0000,  0.4786, 1.0000)>
MESH
Stairs_Modular.001
<Matrix 4x4 (-1.0000, 0.0000, -0.0000, 0.0000)
            (-0.0000, 1.0000,  0.0000, 0.0000)
            ( 0.0000, 0.0000, -1.0000, 0.0000)
            (-7.2899, 3.0000, -1.5298, 1.0000)>
MESH
Trap_empty.051
<Matrix 4x4 ( 1.0000, 0.0000,  0.0000, 0.0000)
            ( 0.0000, 1.0000, -0.0000, 0.0000)
            ( 0.0000, 0.0000,  1.0000, 0.0000)
            (-1.0431, 0.0475,  4.9925, 1.0000)>
MESH
Trap_empty.001
<Matrix 4x4 (1.0000, 0.0000,  0.0000, 0.0000)
            (0.0000, 1.0000, -0.0000, 0.0000)
            (0.0000, 0.0000,  1.0000, 0.0000)
            (0.9488, 0.0475,  4.9925, 1.0000)>
MESH
Cobweb.002
<Matrix 4x4 ( 1.0000,  0.0000,  0.0000, 0.0000)
            ( 0.0000,  0.1337,  0.9910, 0.0000)
            ( 0.0000, -0.9910,  0.1337, 0.0000)
            (-7.2744,  0.9502, -0.2798, 1.0000)>
MESH
Spikes.000
<Matrix 4x4 ( 1.0000, 0.0000,  0.0000, 0.0000)
            ( 0.0000, 1.0000, -0.0000, 0.0000)
            ( 0.0000, 0.0000,  1.0000, 0.0000)
            (-1.0443, 0.0000,  5.0057, 1.0000)>
MESH
Skull.001
<Matrix 4x4 (-0.3956,  0.4835,  0.7808, 0.0000)
            (-0.7740, -0.6332, -0.0000, 0.0000)
            ( 0.4944, -0.6043,  0.6248, 0.0000)
            (-0.1657,  1.1301,  5.1163, 1.0000)>
MESH
Floor_BricksSeparate2.003
<Matrix 4x4 ( 0.6071, 0.0000, -0.7946, 0.0000)
            (-0.0000, 1.0000, -0.0000, 0.0000)
            ( 0.7946, 0.0000,  0.6071, 0.0000)
            (-7.1695, 4.0052, -2.9896, 1.0000)>
MESH
Crate.001
<Matrix 4x4 ( 1.0000, 0.0000,  0.0000, 0.0000)
            ( 0.0000, 1.0000, -0.0000, 0.0000)
            ( 0.0000, 0.0000,  1.0000, 0.0000)
            (-7.8853, 0.0000, -1.3523, 1.0000)>
MESH
Crate.002
<Matrix 4x4 ( 0.7429, 0.0000,  0.6694, 0.0000)
            ( 0.0000, 1.0000, -0.0000, 0.0000)
            (-0.6694, 0.0000,  0.7429, 0.0000)
            (-6.3263, 0.0000, -2.2145, 1.0000)>
MESH
Crate.003
<Matrix 4x4 ( 0.9818, 0.0000, -0.1900, 0.0000)
            (-0.0000, 1.0000, -0.0000, 0.0000)
            ( 0.1900, 0.0000,  0.9818, 0.0000)
            (-6.1675, 0.0000, -0.6915, 1.0000)>
MESH
WoodFire.009
<Matrix 4x4 (1.0000, 0.0000,  0.0000, 0.0000)
            (0.0000, 1.0000, -0.0000, 0.0000)
            (0.0000, 0.0000,  1.0000, 0.0000)
            (0.0000, 0.0485, -2.0672, 1.0000)>
MESH
Banner.010
<Matrix 4x4 (-1.0000, 0.0000, -0.0000, 0.0000)
            (-0.0000, 1.0000,  0.0000, 0.0000)
            ( 0.0000, 0.0000, -1.0000, 0.0000)
            ( 2.2714, 0.0000, -5.9631, 1.0000)>
MESH
Banner.001
<Matrix 4x4 (-1.0000, 0.0000, -0.0000, 0.0000)
            (-0.0000, 1.0000,  0.0000, 0.0000)
            ( 0.0000, 0.0000, -1.0000, 0.0000)
            (-3.9355, 0.0000, -5.9631, 1.0000)>
MESH
Coin_Pile.045
<Matrix 4x4 (1.0000, 0.0000,  0.0000, 0.0000)
            (0.0000, 1.0000, -0.0000, 0.0000)
            (0.0000, 0.0000,  1.0000, 0.0000)
            (0.0000, 0.0967, -1.3156, 1.0000)>
MESH
Coin_Pile.001
<Matrix 4x4 (1.0000, 0.0000,  0.0000, 0.0000)
            (0.0000, 1.0000, -0.0000, 0.0000)
            (0.0000, 0.0000,  1.0000, 0.0000)
            (0.2960, 0.0967, -1.5242, 1.0000)>
MESH
Coin_Pile.002
<Matrix 4x4 ( 0.6640, 0.0000, -0.7477, 0.0000)
            (-0.0000, 1.0000, -0.0000, 0.0000)
            ( 0.7477, 0.0000,  0.6640, 0.0000)
            ( 0.1371, 0.0967, -1.4484, 1.0000)>
MESH
Coin_Pile.003
<Matrix 4x4 (1.0000, 0.0000,  0.0000, 0.0000)
            (0.0000, 1.0000, -0.0000, 0.0000)
            (0.0000, 0.0000,  1.0000, 0.0000)
            (0.2233, 0.0967, -1.4115, 1.0000)>
MESH
Coin_Pile.004
<Matrix 4x4 ( 0.6640, 0.0000, -0.7477, 0.0000)
            (-0.0000, 1.0000, -0.0000, 0.0000)
            ( 0.7477, 0.0000,  0.6640, 0.0000)
            ( 0.2185, 0.1699, -1.4245, 1.0000)>
MESH
Bag_Coins.023
<Matrix 4x4 ( 0.9702, 0.0000,  0.2423, 0.0000)
            ( 0.0000, 1.0000, -0.0000, 0.0000)
            (-0.2423, 0.0000,  0.9702, 0.0000)
            (-0.3633, 0.1286, -1.5815, 1.0000)>


MESH
Torch.018
<Matrix 4x4 (1.0000, 0.0000,  0.0000, 0.0000)
            (0.0000, 1.0000, -0.0000, 0.0000)
            (0.0000, 0.0000,  1.0000, 0.0000)
            (1.2713, 1.6840,  5.7991, 1.0000)>
MESH
Torch.001
<Matrix 4x4 ( 1.0000, 0.0000,  0.0000, 0.0000)
            ( 0.0000, 1.0000, -0.0000, 0.0000)
            ( 0.0000, 0.0000,  1.0000, 0.0000)
            (-1.2858, 1.6840,  5.7991, 1.0000)>
CAMERA
Camera
<Matrix 4x4 ( 0.5614, -0.0140, 0.8274, 0.0000)
            (-0.2493,  0.9506, 0.1852, 0.0000)
            (-0.7891, -0.3102, 0.5302, 0.0000)
            ( 6.0105,  3.1095, 0.0000, 1.0000)>
