# Game Level Exporter v1.0
MESH
Floor_Modular_Cube.031
<Matrix 4x4 (1.0000, 0.0000,  0.0000, 0.0000)
            (0.0000, 1.0000, -0.0000, 0.0000)
            (0.0000, 0.0000,  1.0000, 0.0000)
            (4.0000, 0.0000, -6.0000, 1.0000)>
MESH
Floor_Modular_Cube.001
<Matrix 4x4 (1.0000, 0.0000,  0.0000, 0.0000)
            (0.0000, 1.0000, -0.0000, 0.0000)
            (0.0000, 0.0000,  1.0000, 0.0000)
            (0.0000, 0.0000,  2.0000, 1.0000)>
MESH
Floor_Modular_Cube.002
<Matrix 4x4 (1.0000, 0.0000,  0.0000, 0.0000)
            (0.0000, 1.0000, -0.0000, 0.0000)
            (0.0000, 0.0000,  1.0000, 0.0000)
            (4.0000, 0.0000,  6.0000, 1.0000)>
MESH
Floor_Modular_Cube.003
<Matrix 4x4 (1.0000, 0.0000,  0.0000, 0.0000)
            (0.0000, 1.0000, -0.0000, 0.0000)
            (0.0000, 0.0000,  1.0000, 0.0000)
            (0.0000, 0.0000,  4.0000, 1.0000)>
MESH
Floor_Modular_Cube.004
<Matrix 4x4 (1.0000, 0.0000,  0.0000, 0.0000)
            (0.0000, 1.0000, -0.0000, 0.0000)
            (0.0000, 0.0000,  1.0000, 0.0000)
            (0.0000, 0.0000,  6.0000, 1.0000)>
MESH
Floor_Modular_Cube.005
<Matrix 4x4 (1.0000, 0.0000,  0.0000, 0.0000)
            (0.0000, 1.0000, -0.0000, 0.0000)
            (0.0000, 0.0000,  1.0000, 0.0000)
            (4.0000, 0.0000,  0.0000, 1.0000)>
MESH
Floor_Modular_Cube.006
<Matrix 4x4 (1.0000, 0.0000,  0.0000, 0.0000)
            (0.0000, 1.0000, -0.0000, 0.0000)
            (0.0000, 0.0000,  1.0000, 0.0000)
            (4.0000, 0.0000,  2.0000, 1.0000)>
MESH
Floor_Modular_Cube.007
<Matrix 4x4 (1.0000, 0.0000,  0.0000, 0.0000)
            (0.0000, 1.0000, -0.0000, 0.0000)
            (0.0000, 0.0000,  1.0000, 0.0000)
            (4.0000, 0.0000,  4.0000, 1.0000)>
MESH
Floor_Modular_Cube.008
<Matrix 4x4 (1.0000, 0.0000,  0.0000, 0.0000)
            (0.0000, 1.0000, -0.0000, 0.0000)
            (0.0000, 0.0000,  1.0000, 0.0000)
            (0.0000, 0.0000,  0.0000, 1.0000)>
MESH
Floor_Modular_Cube.009
<Matrix 4x4 (1.0000, 0.0000,  0.0000, 0.0000)
            (0.0000, 1.0000, -0.0000, 0.0000)
            (0.0000, 0.0000,  1.0000, 0.0000)
            (0.0000, 0.0000, -2.0000, 1.0000)>
MESH
Floor_Modular_Cube.010
<Matrix 4x4 (1.0000, 0.0000,  0.0000, 0.0000)
            (0.0000, 1.0000, -0.0000, 0.0000)
            (0.0000, 0.0000,  1.0000, 0.0000)
            (0.0000, 0.0000, -4.0000, 1.0000)>
MESH
Floor_Modular_Cube.011
<Matrix 4x4 (1.0000, 0.0000,  0.0000, 0.0000)
            (0.0000, 1.0000, -0.0000, 0.0000)
            (0.0000, 0.0000,  1.0000, 0.0000)
            (0.0000, 0.0000, -6.0000, 1.0000)>
MESH
Floor_Modular_Cube.012
<Matrix 4x4 (1.0000, 0.0000,  0.0000, 0.0000)
            (0.0000, 1.0000, -0.0000, 0.0000)
            (0.0000, 0.0000,  1.0000, 0.0000)
            (4.0000, 0.0000, -2.0000, 1.0000)>
MESH
Floor_Modular_Cube.013
<Matrix 4x4 (1.0000, 0.0000,  0.0000, 0.0000)
            (0.0000, 1.0000, -0.0000, 0.0000)
            (0.0000, 0.0000,  1.0000, 0.0000)
            (4.0000, 0.0000, -4.0000, 1.0000)>
MESH
Floor_Modular_Cube.014
<Matrix 4x4 (1.0000, 0.0000,  0.0000, 0.0000)
            (0.0000, 1.0000, -0.0000, 0.0000)
            (0.0000, 0.0000,  1.0000, 0.0000)
            (6.0000, 0.0000, -6.0000, 1.0000)>
MESH
Floor_Modular_Cube.015
<Matrix 4x4 (1.0000, 0.0000,  0.0000, 0.0000)
            (0.0000, 1.0000, -0.0000, 0.0000)
            (0.0000, 0.0000,  1.0000, 0.0000)
            (6.0000, 0.0000, -4.0000, 1.0000)>
MESH
Floor_Modular_Cube.016
<Matrix 4x4 (1.0000, 0.0000,  0.0000, 0.0000)
            (0.0000, 1.0000, -0.0000, 0.0000)
            (0.0000, 0.0000,  1.0000, 0.0000)
            (6.0000, 0.0000, -2.0000, 1.0000)>
MESH
Floor_Modular_Cube.017
<Matrix 4x4 (1.0000, 0.0000,  0.0000, 0.0000)
            (0.0000, 1.0000, -0.0000, 0.0000)
            (0.0000, 0.0000,  1.0000, 0.0000)
            (2.0000, 0.0000, -6.0000, 1.0000)>
MESH
Floor_Modular_Cube.018
<Matrix 4x4 (1.0000, 0.0000,  0.0000, 0.0000)
            (0.0000, 1.0000, -0.0000, 0.0000)
            (0.0000, 0.0000,  1.0000, 0.0000)
            (2.0000, 0.0000, -4.0000, 1.0000)>
MESH
Floor_Modular_Cube.019
<Matrix 4x4 (1.0000, 0.0000,  0.0000, 0.0000)
            (0.0000, 1.0000, -0.0000, 0.0000)
            (0.0000, 0.0000,  1.0000, 0.0000)
            (2.0000, 0.0000, -2.0000, 1.0000)>
MESH
Floor_Modular_Cube.020
<Matrix 4x4 (1.0000, 0.0000,  0.0000, 0.0000)
            (0.0000, 1.0000, -0.0000, 0.0000)
            (0.0000, 0.0000,  1.0000, 0.0000)
            (2.0000, 0.0000,  0.0000, 1.0000)>
MESH
Floor_Modular_Cube.021
<Matrix 4x4 (1.0000, 0.0000,  0.0000, 0.0000)
            (0.0000, 1.0000, -0.0000, 0.0000)
            (0.0000, 0.0000,  1.0000, 0.0000)
            (6.0000, 0.0000,  4.0000, 1.0000)>
MESH
Floor_Modular_Cube.022
<Matrix 4x4 (1.0000, 0.0000,  0.0000, 0.0000)
            (0.0000, 1.0000, -0.0000, 0.0000)
            (0.0000, 0.0000,  1.0000, 0.0000)
            (6.0000, 0.0000,  2.0000, 1.0000)>
MESH
Floor_Modular_Cube.023
<Matrix 4x4 (1.0000, 0.0000,  0.0000, 0.0000)
            (0.0000, 1.0000, -0.0000, 0.0000)
            (0.0000, 0.0000,  1.0000, 0.0000)
            (6.0000, 0.0000,  0.0000, 1.0000)>
MESH
Floor_Modular_Cube.024
<Matrix 4x4 (1.0000, 0.0000,  0.0000, 0.0000)
            (0.0000, 1.0000, -0.0000, 0.0000)
            (0.0000, 0.0000,  1.0000, 0.0000)
            (2.0000, 0.0000,  6.0000, 1.0000)>
MESH
Floor_Modular_Cube.025
<Matrix 4x4 (1.0000, 0.0000,  0.0000, 0.0000)
            (0.0000, 1.0000, -0.0000, 0.0000)
            (0.0000, 0.0000,  1.0000, 0.0000)
            (2.0000, 0.0000,  4.0000, 1.0000)>
MESH
Floor_Modular_Cube.026
<Matrix 4x4 (1.0000, 0.0000,  0.0000, 0.0000)
            (0.0000, 1.0000, -0.0000, 0.0000)
            (0.0000, 0.0000,  1.0000, 0.0000)
            (6.0000, 0.0000,  6.0000, 1.0000)>
MESH
Floor_Modular_Cube.027
<Matrix 4x4 (1.0000, 0.0000,  0.0000, 0.0000)
            (0.0000, 1.0000, -0.0000, 0.0000)
            (0.0000, 0.0000,  1.0000, 0.0000)
            (2.0000, 0.0000,  2.0000, 1.0000)>
MESH
Floor_Modular_Cube.028
<Matrix 4x4 ( 1.0000, 0.0000,  0.0000, 0.0000)
            ( 0.0000, 1.0000, -0.0000, 0.0000)
            ( 0.0000, 0.0000,  1.0000, 0.0000)
            (-4.0000, 0.0000, -6.0000, 1.0000)>
MESH
Floor_Modular_Cube.029
<Matrix 4x4 ( 1.0000, 0.0000,  0.0000, 0.0000)
            ( 0.0000, 1.0000, -0.0000, 0.0000)
            ( 0.0000, 0.0000,  1.0000, 0.0000)
            (-6.0000, 0.0000,  2.0000, 1.0000)>
MESH
Floor_Modular_Cube.030
<Matrix 4x4 ( 1.0000, 0.0000,  0.0000, 0.0000)
            ( 0.0000, 1.0000, -0.0000, 0.0000)
            ( 0.0000, 0.0000,  1.0000, 0.0000)
            (-2.0000, 0.0000,  6.0000, 1.0000)>
MESH
Floor_Modular_Cube.032
<Matrix 4x4 ( 1.0000, 0.0000,  0.0000, 0.0000)
            ( 0.0000, 1.0000, -0.0000, 0.0000)
            ( 0.0000, 0.0000,  1.0000, 0.0000)
            (-6.0000, 0.0000,  4.0000, 1.0000)>
MESH
Floor_Modular_Cube.033
<Matrix 4x4 ( 1.0000, 0.0000,  0.0000, 0.0000)
            ( 0.0000, 1.0000, -0.0000, 0.0000)
            ( 0.0000, 0.0000,  1.0000, 0.0000)
            (-6.0000, 0.0000,  6.0000, 1.0000)>
MESH
Floor_Modular_Cube.034
<Matrix 4x4 ( 1.0000, 0.0000,  0.0000, 0.0000)
            ( 0.0000, 1.0000, -0.0000, 0.0000)
            ( 0.0000, 0.0000,  1.0000, 0.0000)
            (-2.0000, 0.0000,  0.0000, 1.0000)>
MESH
Floor_Modular_Cube.035
<Matrix 4x4 ( 1.0000, 0.0000,  0.0000, 0.0000)
            ( 0.0000, 1.0000, -0.0000, 0.0000)
            ( 0.0000, 0.0000,  1.0000, 0.0000)
            (-2.0000, 0.0000,  2.0000, 1.0000)>
MESH
Floor_Modular_Cube.036
<Matrix 4x4 ( 1.0000, 0.0000,  0.0000, 0.0000)
            ( 0.0000, 1.0000, -0.0000, 0.0000)
            ( 0.0000, 0.0000,  1.0000, 0.0000)
            (-2.0000, 0.0000,  4.0000, 1.0000)>
MESH
Floor_Modular_Cube.037
<Matrix 4x4 ( 1.0000, 0.0000,  0.0000, 0.0000)
            ( 0.0000, 1.0000, -0.0000, 0.0000)
            ( 0.0000, 0.0000,  1.0000, 0.0000)
            (-6.0000, 0.0000,  0.0000, 1.0000)>
MESH
Floor_Modular_Cube.038
<Matrix 4x4 ( 1.0000, 0.0000,  0.0000, 0.0000)
            ( 0.0000, 1.0000, -0.0000, 0.0000)
            ( 0.0000, 0.0000,  1.0000, 0.0000)
            (-6.0000, 0.0000, -2.0000, 1.0000)>
MESH
Floor_Modular_Cube.039
<Matrix 4x4 ( 1.0000, 0.0000,  0.0000, 0.0000)
            ( 0.0000, 1.0000, -0.0000, 0.0000)
            ( 0.0000, 0.0000,  1.0000, 0.0000)
            (-6.0000, 0.0000, -4.0000, 1.0000)>
MESH
Floor_Modular_Cube.040
<Matrix 4x4 ( 1.0000, 0.0000,  0.0000, 0.0000)
            ( 0.0000, 1.0000, -0.0000, 0.0000)
            ( 0.0000, 0.0000,  1.0000, 0.0000)
            (-6.0000, 0.0000, -6.0000, 1.0000)>
MESH
Floor_Modular_Cube.041
<Matrix 4x4 ( 1.0000, 0.0000,  0.0000, 0.0000)
            ( 0.0000, 1.0000, -0.0000, 0.0000)
            ( 0.0000, 0.0000,  1.0000, 0.0000)
            (-2.0000, 0.0000, -2.0000, 1.0000)>
MESH
Floor_Modular_Cube.042
<Matrix 4x4 ( 1.0000, 0.0000,  0.0000, 0.0000)
            ( 0.0000, 1.0000, -0.0000, 0.0000)
            ( 0.0000, 0.0000,  1.0000, 0.0000)
            (-2.0000, 0.0000, -4.0000, 1.0000)>
MESH
Floor_Modular_Cube.043
<Matrix 4x4 ( 1.0000, 0.0000,  0.0000, 0.0000)
            ( 0.0000, 1.0000, -0.0000, 0.0000)
            ( 0.0000, 0.0000,  1.0000, 0.0000)
            (-2.0000, 0.0000, -6.0000, 1.0000)>
MESH
Floor_Modular_Cube.044
<Matrix 4x4 ( 1.0000, 0.0000,  0.0000, 0.0000)
            ( 0.0000, 1.0000, -0.0000, 0.0000)
            ( 0.0000, 0.0000,  1.0000, 0.0000)
            (-4.0000, 0.0000, -4.0000, 1.0000)>
MESH
Floor_Modular_Cube.045
<Matrix 4x4 ( 1.0000, 0.0000,  0.0000, 0.0000)
            ( 0.0000, 1.0000, -0.0000, 0.0000)
            ( 0.0000, 0.0000,  1.0000, 0.0000)
            (-4.0000, 0.0000, -2.0000, 1.0000)>
MESH
Floor_Modular_Cube.046
<Matrix 4x4 ( 1.0000, 0.0000,  0.0000, 0.0000)
            ( 0.0000, 1.0000, -0.0000, 0.0000)
            ( 0.0000, 0.0000,  1.0000, 0.0000)
            (-8.0000, 0.0000, -6.0000, 1.0000)>
MESH
Floor_Modular_Cube.047
<Matrix 4x4 ( 1.0000, 0.0000,  0.0000, 0.0000)
            ( 0.0000, 1.0000, -0.0000, 0.0000)
            ( 0.0000, 0.0000,  1.0000, 0.0000)
            (-8.0000, 0.0000, -4.0000, 1.0000)>
MESH
Floor_Modular_Cube.048
<Matrix 4x4 ( 1.0000, 0.0000,  0.0000, 0.0000)
            ( 0.0000, 1.0000, -0.0000, 0.0000)
            ( 0.0000, 0.0000,  1.0000, 0.0000)
            (-8.0000, 0.0000, -2.0000, 1.0000)>
MESH
Floor_Modular_Cube.049
<Matrix 4x4 ( 1.0000, 0.0000,  0.0000, 0.0000)
            ( 0.0000, 1.0000, -0.0000, 0.0000)
            ( 0.0000, 0.0000,  1.0000, 0.0000)
            (-8.0000, 0.0000,  0.0000, 1.0000)>
MESH
Floor_Modular_Cube.050
<Matrix 4x4 ( 1.0000, 0.0000,  0.0000, 0.0000)
            ( 0.0000, 1.0000, -0.0000, 0.0000)
            ( 0.0000, 0.0000,  1.0000, 0.0000)
            (-4.0000, 0.0000,  4.0000, 1.0000)>
MESH
Floor_Modular_Cube.051
<Matrix 4x4 ( 1.0000, 0.0000,  0.0000, 0.0000)
            ( 0.0000, 1.0000, -0.0000, 0.0000)
            ( 0.0000, 0.0000,  1.0000, 0.0000)
            (-4.0000, 0.0000,  2.0000, 1.0000)>
MESH
Floor_Modular_Cube.052
<Matrix 4x4 ( 1.0000, 0.0000,  0.0000, 0.0000)
            ( 0.0000, 1.0000, -0.0000, 0.0000)
            ( 0.0000, 0.0000,  1.0000, 0.0000)
            (-4.0000, 0.0000,  0.0000, 1.0000)>
MESH
Floor_Modular_Cube.053
<Matrix 4x4 ( 1.0000, 0.0000,  0.0000, 0.0000)
            ( 0.0000, 1.0000, -0.0000, 0.0000)
            ( 0.0000, 0.0000,  1.0000, 0.0000)
            (-8.0000, 0.0000,  6.0000, 1.0000)>
MESH
Floor_Modular_Cube.054
<Matrix 4x4 ( 1.0000, 0.0000,  0.0000, 0.0000)
            ( 0.0000, 1.0000, -0.0000, 0.0000)
            ( 0.0000, 0.0000,  1.0000, 0.0000)
            (-8.0000, 0.0000,  4.0000, 1.0000)>
MESH
Floor_Modular_Cube.055
<Matrix 4x4 ( 1.0000, 0.0000,  0.0000, 0.0000)
            ( 0.0000, 1.0000, -0.0000, 0.0000)
            ( 0.0000, 0.0000,  1.0000, 0.0000)
            (-4.0000, 0.0000,  6.0000, 1.0000)>
MESH
Floor_Modular_Cube.056
<Matrix 4x4 ( 1.0000, 0.0000,  0.0000, 0.0000)
            ( 0.0000, 1.0000, -0.0000, 0.0000)
            ( 0.0000, 0.0000,  1.0000, 0.0000)
            (-8.0000, 0.0000,  2.0000, 1.0000)>
MESH
Arch_Cube.035
<Matrix 4x4 (1.0000, 0.0000,  0.0000, 0.0000)
            (0.0000, 1.0000, -0.0000, 0.0000)
            (0.0000, 0.0000,  1.0000, 0.0000)
            (0.0000, 0.0000,  6.5000, 1.0000)>
MESH
Arch_Door_Cube.044
<Matrix 4x4 (1.0000, 0.0000,  0.0000, 0.0000)
            (0.0000, 1.0000, -0.0000, 0.0000)
            (0.0000, 0.0000,  1.0000, 0.0000)
            (0.0000, 0.0000,  6.5000, 1.0000)>
MESH
Decorative_Wall_Cube.003
<Matrix 4x4 (-0.0000, -1.0000,  0.0000, 0.0000)
            ( 1.0000, -0.0000, -0.0000, 0.0000)
            ( 0.0000, -0.0000,  1.0000, 0.0000)
            ( 4.7713,  0.7442,  6.5000, 1.0000)>
MESH
Wall_Modular_Cube.005
<Matrix 4x4 (-0.0000, -1.0000,  0.0000, 0.0000)
            ( 1.0000, -0.0000, -0.0000, 0.0000)
            ( 0.0000, -0.0000,  1.0000, 0.0000)
            ( 3.0000,  1.0000,  6.5000, 1.0000)>
MESH
Wall_Modular_Cube.001
<Matrix 4x4 ( 1.0000, 0.0000,  0.0000, 0.0000)
            ( 0.0000, 1.0000, -0.0000, 0.0000)
            ( 0.0000, 0.0000,  1.0000, 0.0000)
            (-3.0000, 1.0000,  6.5000, 1.0000)>
MESH
Wall_Modular_Cube.002
<Matrix 4x4 (-0.0000, 0.0000,  1.0000, 0.0000)
            ( 0.0000, 1.0000,  0.0000, 0.0000)
            (-1.0000, 0.0000, -0.0000, 0.0000)
            ( 6.5000, 1.0000,  6.0000, 1.0000)>
MESH
Wall_Modular_Cube.003
<Matrix 4x4 ( 1.0000, 0.0000,  0.0000, 0.0000)
            ( 0.0000, 1.0000, -0.0000, 0.0000)
            ( 0.0000, 0.0000,  1.0000, 0.0000)
            (-4.0000, 1.0000, -6.5000, 1.0000)>
MESH
Wall_Modular_Cube.004
<Matrix 4x4 (-0.0000, 0.0000,  1.0000, 0.0000)
            ( 0.0000, 1.0000,  0.0000, 0.0000)
            (-1.0000, 0.0000, -0.0000, 0.0000)
            ( 6.5000, 1.0000,  4.0000, 1.0000)>
MESH
Wall_Modular_Cube.006
<Matrix 4x4 (-0.0000, 0.0000,  1.0000, 0.0000)
            ( 0.0000, 1.0000,  0.0000, 0.0000)
            (-1.0000, 0.0000, -0.0000, 0.0000)
            ( 6.5000, 1.0000,  0.0000, 1.0000)>
MESH
Wall_Modular_Cube.007
<Matrix 4x4 (-0.0000, 0.0000,  1.0000, 0.0000)
            ( 0.0000, 1.0000,  0.0000, 0.0000)
            (-1.0000, 0.0000, -0.0000, 0.0000)
            ( 6.5000, 1.0000,  2.0000, 1.0000)>
MESH
Wall_Modular_Cube.008
<Matrix 4x4 (-0.0000, 0.0000,  1.0000, 0.0000)
            ( 0.0000, 1.0000,  0.0000, 0.0000)
            (-1.0000, 0.0000, -0.0000, 0.0000)
            ( 6.5000, 1.0000, -2.0000, 1.0000)>
MESH
Wall_Modular_Cube.009
<Matrix 4x4 (-0.0000, 0.0000,  1.0000, 0.0000)
            ( 0.0000, 1.0000,  0.0000, 0.0000)
            (-1.0000, 0.0000, -0.0000, 0.0000)
            ( 6.5000, 1.0000, -4.0000, 1.0000)>
MESH
Wall_Modular_Cube.010
<Matrix 4x4 (1.0000, 0.0000,  0.0000, 0.0000)
            (0.0000, 1.0000, -0.0000, 0.0000)
            (0.0000, 0.0000,  1.0000, 0.0000)
            (2.0000, 1.0000, -6.5000, 1.0000)>
MESH
Wall_Modular_Cube.011
<Matrix 4x4 (1.0000, 0.0000,  0.0000, 0.0000)
            (0.0000, 1.0000, -0.0000, 0.0000)
            (0.0000, 0.0000,  1.0000, 0.0000)
            (0.0000, 1.0000, -6.5000, 1.0000)>
MESH
Wall_Modular_Cube.012
<Matrix 4x4 ( 1.0000, 0.0000,  0.0000, 0.0000)
            ( 0.0000, 1.0000, -0.0000, 0.0000)
            ( 0.0000, 0.0000,  1.0000, 0.0000)
            (-2.0000, 1.0000, -6.5000, 1.0000)>
MESH
Wall_Modular_Cube.013
<Matrix 4x4 ( 1.0000, 0.0000,  0.0000, 0.0000)
            ( 0.0000, 1.0000, -0.0000, 0.0000)
            ( 0.0000, 0.0000,  1.0000, 0.0000)
            (-7.0000, 1.0000,  6.5000, 1.0000)>
MESH
Wall_Modular_Cube.014
<Matrix 4x4 ( 1.0000, 0.0000,  0.0000, 0.0000)
            ( 0.0000, 1.0000, -0.0000, 0.0000)
            ( 0.0000, 0.0000,  1.0000, 0.0000)
            (-5.0000, 1.0000,  6.5000, 1.0000)>
MESH
Wall_Modular_Cube.015
